# Created by Octave 3.2.4, Wed Oct 17 13:35:42 2012 CEST <burak@burak-Aspire-S3>
# name: prior2
# type: matrix
# rows: 3
# columns: 1
 0.9779254810577767
 0.02070411274226631
 0.001370406199957037
# name: transmat2
# type: matrix
# rows: 3
# columns: 3
 0.2287404738667618 0.334084339450757 0.4371751866824812
 0.7440909365809728 0.1657779555441057 0.09013110787492155
 0.05791962397802795 0.3349145109776108 0.6071658650443613
# name: obsmat2
# type: matrix
# rows: 3
# columns: 250
 0.0009810755214124905 0.008285561446245563 0.001428941127059904 0.000345246983433044 3.380015013973721e-05 0.009759095082273026 0.001569838343128718 0.002442227281159881 0.001285241835535173 0.008232884400114533 0.0003821009502861309 0.001489961435996173 0.004766555881280502 0.005109670514392005 0.009795994599091161 0.0001404656372909122 0.001634968562364558 3.840615854238522e-05 0.02334128711295711 0.0003087633166863219 0.006227629167350083 0.006641366431985238 0.007061607875421143 0.0006631297843319649 0.006285081889349294 2.626149418494958e-06 0.0004782411673171677 0.004042978179500794 0.001989606333291173 0.01177767626061019 0.006198202264782245 0.002589347068865531 0.001255861200306135 0.001025055487545994 0.003315221690820905 0.005111850920999778 0.002937966827950789 0.01173993946701355 0.002347003113280732 0.00086941967242028 0.001378541977786261 0.007728649032009681 0.004333711418589186 0.0009305023964868296 0.008447125505331827 0.008400788642718017 0.01088044540014579 0.007329102729615554 0.003872530051745566 0.001628890859611007 0.0008044008936000927 0.002277623400254601 0.008189396703832393 0.004828330265403399 0.0007250805911771602 0.0102795525570091 0.0009486130878666628 0.005060688434609253 0 0.002889988869872858 0.004105053184871566 0.01238216791964033 0.003465258188303946 0.00210411308203778 0.001393211505868133 0.001907405003436624 0.0102858833128809 3.300281169598688e-06 0.01377982763405127 0.004138440046083706 8.989033757664991e-05 0.0008617454579449551 0.0007465778673174014 0.0006361378225175019 0.0001687754870952177 0.0043582971143631 0.0004115131603477323 0.009148816937984503 0.002950198691617688 0.004439427013698588 0.006073005765133407 0.01023148134763071 0.001942556929370695 5.480697666132597e-05 0.0003488508825132293 0.0004387934639726773 0.002421770400633281 0.002103136336076972 0.007601747020221597 0.0002845859199993264 0 3.762437407998353e-05 0.003018272204250595 0.0001314388430247899 0.002175938862771256 0.0007250509763963736 0.0001456666306308358 0.0001079653121382815 0.005047500776910041 0.0008233317327708927 0.01046254903178011 0.0004374778105603794 0.002555870349652141 0.002817847492514776 0.0002328559348697857 0.0001093446295999712 0.0006090311086185229 0.0003148497294921327 0.007302998981345126 0.000326292502032942 0.002191242368829516 0.002007567602572144 0.002581761930954303 0.007180849385778731 0.006953956033272621 0.007698519309486434 0.0008813307326843531 0.01444216754994574 0.002382807058252599 0.008931007143208569 0.008101020552957243 0.002252006720840515 0.009492282020363263 0.002369629311671215 0.01215718454262487 0.01130147012806416 7.208148740778211e-06 0.006660238299122714 0.0001630358316930413 0.001577961734116915 0.002877604305838847 0.00325441124150506 0.0009475906581131608 0.01031010468911959 0.01392338893514231 0.000235000458041056 0.0006521921727224399 0.0002205245461228963 0.003570898531191689 0.0001987096279400686 0.01678940577030142 0.002161716061637019 0.003930795461983781 0.008005591048922109 0.003718764931074986 0.0003981606717599437 0.00320803372686074 0.003532721537474922 0.0003869406356110087 0.001594200007017507 0.007389182549792209 0.0001102224408583996 0.01101631803261154 0 0.006842896052775212 0.02545741585743142 0.003966810130939104 0.003183525001017526 0.002660904772635286 0.008467671001311629 0.000150764709806371 0.002847507359579851 0.000248758413973456 0.0005483248297316012 0.004850985844093894 0.01299984635196684 0.002548165869431829 0.003642873464112898 0.001262395267907088 0.005042988290766196 0.003169970197843507 0.001540139835684557 0.005366136439668138 0.003139560838410813 0.001105351989184881 0.006245067323599847 0.001768455658107813 0.004845554087438959 0.001404733332480071 0.001357439793433585 0.008262539630949788 0.01598665932033098 0.006360241004412679 0.0003629004760179598 0.007953569274570532 0.002603185751953734 1.372614074173854e-05 0.005052562820631353 0 0.003033295719921726 0.01149914025750007 0.002630403928907678 0.004026836594270797 0.001498865895183904 0.0002634004544450289 0.001564430607901643 0.000430764122007016 0.0002275895424022028 0.005872184303677136 0.001001787211012855 0.008590399416733825 0.003653991376158368 0.002108562230031114 0.0004179971384028602 0.0002716099652549017 7.197052749832138e-06 0.001026983478309604 0.0005568675493382921 0.001634763756820045 0.0007809598549304572 0.007155353929343783 0.01066053205995135 4.13515549462995e-06 0.002547196171206931 0.001632202948056163 0.002640985105819375 0.005785315262637213 0.002222261767611813 0.001848763212881457 0.002045220686438485 0.005566721746312105 0.002616653286589412 0.002058704535977657 0.007020702199118247 0.01081303712613535 0.006081080780084519 0.006175912520326657 0.003651950585108822 0.009229970981992632 0.007443040445043657 0.002304791360216962 0 0.006897744223401368 0.004734313946107711 0.002778890380975022 0.002859106318489393 0.000618109503564807 0.0001776690075335041 0.009147102511617928 0 0.001494636271775124 0.008082263188397922 0.007745743662415535 0.003339016453623055 0.00025955189151432 0.01760955892441888 0.001751657504755517 0.002445916910012905 0.009126687450925895 0.0001795754643257749
